
## parameter values to be used in all figures, after fitting them on figure 3

baseline_m1 <- c( 2.539832,  1.006123 )
chemo_effect_m1 <- 0.6 
immuno_effect_m1 <- 12.148674


baseline_m2 <- c( -3.943061,  1.288479 )
chemo_effect_m2 <- 0.6
immuno_effect_m2 <- 218.753559

baseline_m3 <- c(-3.4942088, 0.3660382)
chemo_effect_m3 <- 0.75 
immuno_effect_m3 <- 2.25 

